,PYRUVATE,LACTATE,ETHANOL-AMINE,GLYCEROL,SUC,GLYCERATE,FUM,CADAVERINE,MAL,4-AMINO-BUTYRATE,CYS,2-KETOGLUTARATE,CIS-ACONITATE,PUTRESCINE,SHIKIMATE,CIT,FRU,GLUCOSE,LYS,TYR,GLUCONATE,CPD0-1083,URATE,SUCROSE,TREHALOSE,L-ASPARTATE,ASN,SER,GLY,L-ALPHA-ALANINE,GLT,GLN,THR,PRO,VAL,TRP,ILE,LEU,PHE,FORMATE,FOLATES
PYRUVATE,0,0,0,0,128,15,116,0,145,11,55,298,127,0,0,132,0,0,29,49,13,0,0,107,8,59,7,86,171,65,355,109,60,2,20,87,38,20,68,27,0
LACTATE,0,0,0,0,0,0,0,0,0,0,0,0,0,0,0,0,0,0,0,0,0,0,0,0,0,0,0,0,0,0,0,0,0,0,0,0,0,0,0,0,0
ETHANOL-AMINE,0,0,0,0,0,0,0,0,0,0,0,0,0,0,0,0,0,0,0,0,0,0,0,0,0,0,0,48,0,0,0,0,0,0,0,0,0,0,0,0,0
GLYCEROL,0,0,0,0,0,0,0,0,0,0,0,0,0,0,0,0,0,0,0,0,0,0,0,0,0,0,0,0,0,0,0,0,0,0,0,0,0,0,0,0,0
SUC,128,0,0,0,0,1,368,3,123,11,8,297,123,3,14,123,0,0,7,11,0,0,0,43,0,16,0,9,5,14,42,15,3,0,1,1,0,1,26,3,0
GLYCERATE,15,0,0,0,1,0,0,0,1,1,0,34,0,0,0,0,0,0,0,0,0,0,0,0,0,0,0,35,35,10,34,0,12,0,0,0,0,0,0,10,0
FUM,116,0,0,0,368,0,0,0,124,0,0,165,125,2,0,125,0,0,1,9,0,0,2,43,0,96,5,0,38,5,116,95,1,41,0,1,1,0,5,11,0
CADAVERINE,0,0,0,0,3,0,0,0,0,0,0,3,0,3,0,0,0,0,3,0,0,0,0,0,0,0,0,0,0,0,3,3,0,0,0,0,0,0,0,3,0
MAL,145,0,0,0,123,1,124,0,0,0,0,112,123,0,0,123,0,0,1,1,2,0,0,64,2,19,7,1,4,5,33,20,7,0,0,0,7,0,5,0,0
4-AMINO-BUTYRATE,11,0,0,0,11,1,0,0,0,0,0,11,0,4,0,0,0,0,0,0,0,0,0,0,0,0,0,1,1,11,11,0,0,0,0,0,0,0,0,0,0
CYS,55,0,0,0,8,0,0,0,0,0,0,33,0,0,0,0,0,0,29,3,0,0,0,0,0,33,4,27,14,30,44,1,29,0,0,7,11,0,3,1,0
2-KETOGLUTARATE,298,0,0,0,297,34,165,3,112,11,33,0,123,26,14,123,0,0,42,64,0,0,0,47,0,110,15,83,48,49,346,176,70,45,33,75,40,28,69,44,0
CIS-ACONITATE,127,0,0,0,123,0,125,0,123,0,0,123,0,0,0,141,0,0,1,0,0,0,0,43,0,14,0,0,3,2,42,29,0,2,0,0,0,0,2,0,0
PUTRESCINE,0,0,0,0,3,0,2,3,0,4,0,26,0,0,0,0,0,0,3,0,0,0,0,0,0,2,0,0,0,0,5,26,0,2,0,0,0,0,0,24,0
SHIKIMATE,0,0,0,0,14,0,0,0,0,0,0,14,0,0,0,0,0,0,0,8,0,0,0,0,0,0,0,0,0,0,0,0,0,0,0,2,0,0,12,0,0
CIT,132,0,0,0,123,0,125,0,123,0,0,123,141,0,0,0,0,0,1,0,0,0,0,43,0,14,0,0,3,2,42,29,0,2,0,0,0,0,2,0,0
FRU,0,0,0,0,0,0,0,0,0,0,0,0,0,0,0,0,0,0,0,0,0,0,0,0,0,0,0,0,0,0,0,0,0,0,0,0,0,0,0,0,0
GLUCOSE,0,0,0,0,0,0,0,0,0,0,0,0,0,0,0,0,0,0,0,0,0,0,0,0,0,0,0,0,0,0,0,0,0,0,0,0,0,0,0,0,0
LYS,29,0,0,0,7,0,1,3,1,0,29,42,1,3,0,1,0,0,0,0,0,0,0,0,0,29,0,5,3,0,42,3,29,0,0,0,11,0,0,4,0
TYR,49,0,0,0,11,0,9,0,1,0,3,64,0,0,8,0,0,0,0,0,0,0,0,0,0,1,1,36,7,3,57,37,1,0,0,42,1,0,50,0,0
GLUCONATE,13,0,0,0,0,0,0,0,2,0,0,0,0,0,0,0,0,0,0,0,0,0,0,15,10,0,0,0,0,0,8,8,0,0,0,0,0,0,0,0,0
CPD0-1083,0,0,0,0,0,0,0,0,0,0,0,0,0,0,0,0,0,0,0,0,0,0,0,0,0,0,0,0,0,0,0,0,0,0,0,0,0,0,0,0,0
URATE,0,0,0,0,0,0,2,0,0,0,0,0,0,0,0,0,0,0,0,0,0,0,0,0,0,2,0,0,2,0,9,9,0,0,0,0,0,0,0,0,0
SUCROSE,107,0,0,0,43,0,43,0,64,0,0,47,43,0,0,43,0,0,0,0,15,0,0,0,10,0,0,0,0,4,14,10,0,0,0,0,0,0,4,0,0
TREHALOSE,8,0,0,0,0,0,0,0,2,0,0,0,0,0,0,0,0,0,0,0,10,0,0,10,0,0,0,0,0,0,8,8,0,0,0,0,0,0,0,0,0
L-ASPARTATE,59,0,0,0,16,0,96,0,19,0,33,110,14,2,0,14,0,0,29,1,0,0,2,0,0,0,18,11,39,19,176,129,42,41,23,1,24,23,19,16,0
ASN,7,0,0,0,0,0,5,0,7,0,4,15,0,0,0,0,0,0,0,1,0,0,0,0,0,18,0,3,0,2,15,15,7,4,0,1,7,0,2,0,0
SER,86,0,48,0,9,35,0,0,1,1,27,83,0,0,0,0,0,0,5,36,0,0,0,0,0,11,3,0,58,10,97,50,19,0,0,36,0,0,36,29,0
GLY,171,0,0,0,5,35,38,0,4,1,14,48,3,0,0,3,0,0,3,7,0,0,2,0,0,39,0,58,0,12,251,47,17,1,0,60,0,0,21,50,0
L-ALPHA-ALANINE,65,0,0,0,14,10,5,0,5,11,30,49,2,0,0,2,0,0,0,3,0,0,0,4,0,19,2,10,12,0,65,22,6,0,17,14,5,23,27,0,0
GLT,355,0,0,0,42,34,116,3,33,11,44,346,42,5,0,42,0,0,42,57,8,0,9,14,8,176,15,97,251,65,0,305,70,45,49,131,40,44,82,52,0
GLN,109,0,0,0,15,0,95,3,20,0,1,176,29,26,0,29,0,0,3,37,8,0,9,10,8,129,15,50,47,22,305,0,7,41,19,40,9,19,57,71,0
THR,60,0,0,0,3,12,1,0,7,0,29,70,0,0,0,0,0,0,29,1,0,0,0,0,0,42,7,19,17,6,70,7,0,0,20,0,38,20,2,9,0
PRO,2,0,0,0,0,0,41,0,0,0,0,45,2,2,0,2,0,0,0,0,0,0,0,0,0,41,4,0,1,0,45,41,0,0,0,0,0,0,0,0,0
VAL,20,0,0,0,1,0,0,0,0,0,0,33,0,0,0,0,0,0,0,0,0,0,0,0,0,23,0,0,0,17,49,19,20,0,0,0,24,42,19,0,0
TRP,87,0,0,0,1,0,1,0,0,0,7,75,0,0,2,0,0,0,0,42,0,0,0,0,0,1,1,36,60,14,131,40,0,0,0,0,0,0,56,0,0
ILE,38,0,0,0,0,0,1,0,7,0,11,40,0,0,0,0,0,0,11,1,0,0,0,0,0,24,7,0,0,5,40,9,38,0,24,0,0,27,4,0,0
LEU,20,0,0,0,1,0,0,0,0,0,0,28,0,0,0,0,0,0,0,0,0,0,0,0,0,23,0,0,0,23,44,19,20,0,42,0,27,0,19,0,0
PHE,68,0,0,0,26,0,5,0,5,0,3,69,2,0,12,2,0,0,0,50,0,0,0,4,0,19,2,36,21,27,82,57,2,0,19,56,4,19,0,0,0
FORMATE,27,0,0,0,3,10,11,3,0,0,1,44,0,24,0,0,0,0,4,0,0,0,0,0,0,16,0,29,50,0,52,71,9,0,0,0,0,0,0,0,0
FOLATES,0,0,0,0,0,0,0,0,0,0,0,0,0,0,0,0,0,0,0,0,0,0,0,0,0,0,0,0,0,0,0,0,0,0,0,0,0,0,0,0,0
